2008,1,9,50000.0
2008,1,15,50000.0
2008,1,15,50000.0
2008,1,15,50000.0
2008,1,15,50000.0
2008,1,16,50000.0
2008,1,23,50000.0
2008,1,23,50000.0
2008,1,23,50000.0
2008,1,23,50000.0
2008,1,23,50000.0
2008,1,23,50000.0
2008,1,23,50000.0
2008,1,23,50000.0
2008,1,23,50000.0
2008,1,30,50000.0
2008,2,29,50000.0
2008,3,6,50000.0
2008,3,7,50000.0
2008,3,13,50000.0
2008,3,13,50000.0
2008,3,13,50000.0
2008,3,13,50000.0
2008,3,17,50000.0
2008,3,18,50000.0
2008,3,20,50000.0
2008,3,25,50000.0
2008,3,26,50000.0
2008,3,26,50000.0
2008,3,26,50000.0
2008,3,26,50000.0
2008,3,28,50000.0
2008,4,2,50000.0
2008,4,4,50000.0
2008,4,14,50000.0
2008,4,21,50000.0
2008,4,22,50000.0
2008,4,29,50000.0
2008,4,30,50000.0
2008,5,7,50000.0
2008,5,7,50000.0
2008,5,7,50000.0
2008,5,7,50000.0
2008,5,7,50000.0
2008,5,7,50000.0
2008,5,7,50000.0
2008,5,7,50000.0
2008,5,7,50000.0
2008,5,14,50000.0
2008,5,14,50000.0
2008,5,14,50000.0
2008,5,14,50000.0
2008,6,6,50000.0
2008,6,11,50000.0
2008,6,13,50000.0
2008,6,18,50000.0
2008,6,18,50000.0
2008,6,18,50000.0
2008,6,18,50000.0
2008,6,20,50000.0
2008,6,23,50000.0
2008,6,25,50000.0
2008,6,27,50000.0
2008,6,27,50000.0
2008,6,27,50000.0
2008,6,27,50000.0
2008,6,30,50000.0
2008,6,30,50000.0
2008,6,30,50000.0
2008,6,30,50000.0
2008,7,1,50000.0
2008,7,2,50000.0
2008,7,2,50000.0
2008,7,2,50000.0
2008,7,2,50000.0
2008,7,7,50000.0
2008,7,8,50000.0
2008,7,9,50000.0
2008,7,9,50000.0
2008,7,9,50000.0
2008,7,9,50000.0
2008,7,10,50000.0
2008,7,10,50000.0
2008,7,10,50000.0
2008,7,10,50000.0
2008,7,11,50000.0
2008,7,14,50000.0
2008,7,16,50000.0
2008,7,18,50000.0
2008,7,21,50000.0
2008,7,24,50000.0
2008,7,31,50000.0
2008,8,5,50000.0
2008,8,12,50000.0
2008,8,18,50000.0
2008,8,25,50000.0
2008,8,25,50000.0
2008,8,25,50000.0
2008,8,25,50000.0
2008,9,2,50000.0
2008,9,4,50000.0
2008,9,9,50000.0
2008,9,11,50000.0
2008,9,15,50000.0
2008,9,16,50000.0
2008,9,16,50000.0
2008,9,16,50000.0
2008,9,16,50000.0
2008,9,16,50000.0
2008,9,16,50000.0
2008,9,16,50000.0
2008,9,16,50000.0
2008,9,16,50000.0
2008,9,17,50000.0
2008,9,22,50000.0
2008,9,23,50000.0
2008,9,23,50000.0
2008,9,23,50000.0
2008,9,23,50000.0
2008,9,24,50000.0
2008,9,29,50000.0
2008,9,29,50000.0
2008,9,29,50000.0
2008,9,29,50000.0
2008,10,3,50000.0
2008,10,6,50000.0
2008,10,6,50000.0
2008,10,6,50000.0
2008,10,6,50000.0
2008,10,7,50000.0
2008,10,9,50000.0
2008,10,9,50000.0
2008,10,9,50000.0
2008,10,9,50000.0
2008,10,9,50000.0
2008,10,9,50000.0
2008,10,9,50000.0
2008,10,9,50000.0
2008,10,9,50000.0
2008,10,10,50000.0
2008,10,14,50000.0
2008,10,14,50000.0
2008,10,14,50000.0
2008,10,14,50000.0
2008,10,15,50000.0
2008,10,15,50000.0
2008,10,15,50000.0
2008,10,15,50000.0
2008,10,16,50000.0
2008,10,16,50000.0
2008,10,16,50000.0
2008,10,16,50000.0
2008,10,16,50000.0
2008,10,16,50000.0
2008,10,16,50000.0
2008,10,16,50000.0
2008,10,16,50000.0
2008,10,21,50000.0
2008,10,21,50000.0
2008,10,21,50000.0
2008,10,21,50000.0
2008,10,21,50000.0
2008,10,21,50000.0
2008,10,21,50000.0
2008,10,21,50000.0
2008,10,21,50000.0
2008,10,22,50000.0
2008,10,22,50000.0
2008,10,22,50000.0
2008,10,22,50000.0
2008,10,22,50000.0
2008,10,22,50000.0
2008,10,22,50000.0
2008,10,22,50000.0
2008,10,22,50000.0
2008,10,22,50000.0
2008,10,22,50000.0
2008,10,22,50000.0
2008,10,22,50000.0
2008,10,22,50000.0
2008,10,22,50000.0
2008,10,22,50000.0
2008,10,22,50000.0
2008,10,22,50000.0
2008,10,22,50000.0
2008,10,22,50000.0
2008,10,22,50000.0
2008,10,22,50000.0
2008,10,22,50000.0
2008,10,22,50000.0
2008,10,22,50000.0
2008,10,23,50000.0
2008,10,24,50000.0
2008,10,27,50000.0
2008,10,28,50000.0
2008,10,28,50000.0
2008,10,28,50000.0
2008,10,28,50000.0
2008,10,29,50000.0
2008,10,29,50000.0
2008,10,29,50000.0
2008,10,29,50000.0
2008,10,29,50000.0
2008,10,29,50000.0
2008,10,29,50000.0
2008,10,29,50000.0
2008,10,29,50000.0
2008,10,30,50000.0
2008,10,30,50000.0
2008,10,30,50000.0
2008,10,30,50000.0
2008,10,31,50000.0
2008,11,3,50000.0
2008,11,6,50000.0
2008,11,6,50000.0
2008,11,6,50000.0
2008,11,6,50000.0
2008,11,6,50000.0
2008,11,6,50000.0
2008,11,6,50000.0
2008,11,6,50000.0
2008,11,6,50000.0
2008,11,11,50000.0
2008,11,11,50000.0
2008,11,11,50000.0
2008,11,11,50000.0
2008,11,11,50000.0
2008,11,11,50000.0
2008,11,11,50000.0
2008,11,11,50000.0
2008,11,11,50000.0
2008,11,12,50000.0
2008,11,12,50000.0
2008,11,12,50000.0
2008,11,12,50000.0
2008,11,12,50000.0
2008,11,12,50000.0
2008,11,12,50000.0
2008,11,12,50000.0
2008,11,12,50000.0
2008,11,12,50000.0
2008,11,12,50000.0
2008,11,12,50000.0
2008,11,12,50000.0
2008,11,12,50000.0
2008,11,12,50000.0
2008,11,12,50000.0
2008,11,13,50000.0
2008,11,13,50000.0
2008,11,13,50000.0
2008,11,13,50000.0
2008,11,14,50000.0
2008,11,14,50000.0
2008,11,14,50000.0
2008,11,14,50000.0
2008,11,14,50000.0
2008,11,14,50000.0
2008,11,14,50000.0
2008,11,14,50000.0
2008,11,14,50000.0
2008,11,17,50000.0
2008,11,18,50000.0
2008,11,18,50000.0
2008,11,18,50000.0
2008,11,18,50000.0
2008,11,18,50000.0
2008,11,18,50000.0
2008,11,18,50000.0
2008,11,18,50000.0
2008,11,18,50000.0
2008,11,18,50000.0
2008,11,18,50000.0
2008,11,18,50000.0
2008,11,18,50000.0
2008,11,18,50000.0
2008,11,18,50000.0
2008,11,18,50000.0
2008,11,19,50000.0
2008,11,19,50000.0
2008,11,19,50000.0
2008,11,19,50000.0
2008,11,19,50000.0
2008,11,19,50000.0
2008,11,19,50000.0
2008,11,19,50000.0
2008,11,19,50000.0
2008,11,19,50000.0
2008,11,19,50000.0
2008,11,19,50000.0
2008,11,19,50000.0
2008,11,19,50000.0
2008,11,19,50000.0
2008,11,19,50000.0
2008,11,19,50000.0
2008,11,19,50000.0
2008,11,19,50000.0
2008,11,19,50000.0
2008,11,19,50000.0
2008,11,19,50000.0
2008,11,19,50000.0
2008,11,19,50000.0
2008,11,19,50000.0
2008,11,19,50000.0
2008,11,19,50000.0
2008,11,19,50000.0
2008,11,19,50000.0
2008,11,19,50000.0
2008,11,19,50000.0
2008,11,19,50000.0
2008,11,19,50000.0
2008,11,19,50000.0
2008,11,19,50000.0
2008,11,19,50000.0
2008,11,19,50000.0
2008,11,19,50000.0
2008,11,19,50000.0
2008,11,19,50000.0
2008,11,19,50000.0
2008,11,19,50000.0
2008,11,19,50000.0
2008,11,19,50000.0
2008,11,19,50000.0
2008,11,19,50000.0
2008,11,19,50000.0
2008,11,19,50000.0
2008,11,19,50000.0
2008,11,19,50000.0
2008,11,19,50000.0
2008,11,19,50000.0
2008,11,19,50000.0
2008,11,19,50000.0
2008,11,19,50000.0
2008,11,19,50000.0
2008,11,19,50000.0
2008,11,19,50000.0
2008,11,19,50000.0
2008,11,19,50000.0
2008,11,19,50000.0
2008,11,19,50000.0
2008,11,19,50000.0
2008,11,19,50000.0
2008,11,19,50000.0
2008,11,19,50000.0
2008,11,19,50000.0
2008,11,19,50000.0
2008,11,19,50000.0
2008,11,19,50000.0
2008,11,19,50000.0
2008,11,19,50000.0
2008,11,19,50000.0
2008,11,19,50000.0
2008,11,19,50000.0
2008,11,19,50000.0
2008,11,19,50000.0
2008,11,19,50000.0
2008,11,19,50000.0
2008,11,19,50000.0
2008,11,19,50000.0
2008,11,19,50000.0
2008,11,19,50000.0
2008,11,19,50000.0
2008,11,19,50000.0
2008,11,19,50000.0
2008,11,19,50000.0
2008,11,19,50000.0
2008,11,19,50000.0
2008,11,19,50000.0
2008,11,19,50000.0
2008,11,19,50000.0
2008,11,19,50000.0
2008,11,19,50000.0
2008,11,19,50000.0
2008,11,19,50000.0
2008,11,19,50000.0
2008,11,19,50000.0
2008,11,19,50000.0
2008,11,19,50000.0
2008,11,19,50000.0
2008,11,19,50000.0
2008,11,19,50000.0
2008,11,19,50000.0
2008,11,19,50000.0
2008,11,19,50000.0
2008,11,19,50000.0
2008,11,19,50000.0
2008,11,19,50000.0
2008,11,19,50000.0
2008,11,19,50000.0
2008,11,19,50000.0
2008,11,19,50000.0
2008,11,19,50000.0
2008,11,19,50000.0
2008,11,19,50000.0
2008,11,19,50000.0
2008,11,19,50000.0
2008,11,19,50000.0
2008,11,19,50000.0
2008,11,19,50000.0
2008,11,20,50000.0
2008,11,20,50000.0
2008,11,20,50000.0
2008,11,20,50000.0
2008,11,20,50000.0
2008,11,20,50000.0
2008,11,20,50000.0
2008,11,20,50000.0
2008,11,20,50000.0
2008,11,20,50000.0
2008,11,20,50000.0
2008,11,20,50000.0
2008,11,20,50000.0
2008,11,20,50000.0
2008,11,20,50000.0
2008,11,20,50000.0
2008,11,20,50000.0
2008,11,20,50000.0
2008,11,20,50000.0
2008,11,20,50000.0
2008,11,20,50000.0
2008,11,20,50000.0
2008,11,20,50000.0
2008,11,20,50000.0
2008,11,20,50000.0
2008,11,20,50000.0
2008,11,20,50000.0
2008,11,20,50000.0
2008,11,20,50000.0
2008,11,20,50000.0
2008,11,20,50000.0
2008,11,20,50000.0
2008,11,20,50000.0
2008,11,20,50000.0
2008,11,20,50000.0
2008,11,20,50000.0
2008,11,20,50000.0
2008,11,20,50000.0
2008,11,20,50000.0
2008,11,20,50000.0
2008,11,20,50000.0
2008,11,20,50000.0
2008,11,20,50000.0
2008,11,20,50000.0
2008,11,20,50000.0
2008,11,20,50000.0
2008,11,20,50000.0
2008,11,20,50000.0
2008,11,20,50000.0
2008,11,20,50000.0
2008,11,20,50000.0
2008,11,20,50000.0
2008,11,20,50000.0
2008,11,20,50000.0
2008,11,20,50000.0
2008,11,20,50000.0
2008,11,20,50000.0
2008,11,20,50000.0
2008,11,20,50000.0
2008,11,20,50000.0
2008,11,20,50000.0
2008,11,20,50000.0
2008,11,20,50000.0
2008,11,20,50000.0
2008,11,20,50000.0
2008,11,20,50000.0
2008,11,20,50000.0
2008,11,20,50000.0
2008,11,20,50000.0
2008,11,20,50000.0
2008,11,20,50000.0
2008,11,20,50000.0
2008,11,20,50000.0
2008,11,20,50000.0
2008,11,20,50000.0
2008,11,20,50000.0
2008,11,20,50000.0
2008,11,20,50000.0
2008,11,20,50000.0
2008,11,20,50000.0
2008,11,20,50000.0
2008,11,21,50000.0
2008,11,21,50000.0
2008,11,21,50000.0
2008,11,21,50000.0
2008,11,21,50000.0
2008,11,21,50000.0
2008,11,21,50000.0
2008,11,21,50000.0
2008,11,21,50000.0
2008,11,24,50000.0
2008,11,25,50000.0
2008,11,26,50000.0
2008,11,26,50000.0
2008,11,26,50000.0
2008,11,26,50000.0
2008,11,26,50000.0
2008,11,26,50000.0
2008,11,26,50000.0
2008,11,26,50000.0
2008,11,26,50000.0
2008,11,26,50000.0
2008,11,26,50000.0
2008,11,26,50000.0
2008,11,26,50000.0
2008,11,26,50000.0
2008,11,26,50000.0
2008,11,26,50000.0
2008,11,26,50000.0
2008,11,26,50000.0
2008,11,26,50000.0
2008,11,26,50000.0
2008,11,26,50000.0
2008,11,26,50000.0
2008,11,26,50000.0
2008,11,26,50000.0
2008,11,26,50000.0
2008,11,26,50000.0
2008,11,26,50000.0
2008,11,26,50000.0
2008,11,26,50000.0
2008,11,26,50000.0
2008,11,26,50000.0
2008,11,26,50000.0
2008,11,26,50000.0
2008,11,26,50000.0
2008,11,26,50000.0
2008,11,26,50000.0
2008,11,26,50000.0
2008,11,26,50000.0
2008,11,26,50000.0
2008,11,26,50000.0
2008,11,26,50000.0
2008,11,26,50000.0
2008,11,26,50000.0
2008,11,26,50000.0
2008,11,26,50000.0
2008,11,26,50000.0
2008,11,26,50000.0
2008,11,26,50000.0
2008,11,26,50000.0
2008,11,28,50000.0
2008,11,28,50000.0
2008,11,28,50000.0
2008,11,28,50000.0
2008,11,28,50000.0
2008,11,28,50000.0
2008,11,28,50000.0
2008,11,28,50000.0
2008,11,28,50000.0
2008,11,28,50000.0
2008,11,28,50000.0
2008,11,28,50000.0
2008,11,28,50000.0
2008,11,28,50000.0
2008,11,28,50000.0
2008,11,28,50000.0
2008,11,28,50000.0
2008,11,28,50000.0
2008,11,28,50000.0
2008,11,28,50000.0
2008,11,28,50000.0
2008,11,28,50000.0
2008,11,28,50000.0
2008,11,28,50000.0
2008,11,28,50000.0
2008,11,28,50000.0
2008,11,28,50000.0
2008,11,28,50000.0
2008,11,28,50000.0
2008,11,28,50000.0
2008,11,28,50000.0
2008,11,28,50000.0
2008,11,28,50000.0
2008,11,28,50000.0
2008,11,28,50000.0
2008,11,28,50000.0
2008,11,28,50000.0
2008,11,28,50000.0
2008,11,28,50000.0
2008,11,28,50000.0
2008,11,28,50000.0
2008,11,28,50000.0
2008,11,28,50000.0
2008,11,28,50000.0
2008,11,28,50000.0
2008,11,28,50000.0
2008,11,28,50000.0
2008,11,28,50000.0
2008,11,28,50000.0
2008,11,28,50000.0
2008,11,28,50000.0
2008,11,28,50000.0
2008,11,28,50000.0
2008,11,28,50000.0
2008,11,28,50000.0
2008,11,28,50000.0
2008,11,28,50000.0
2008,11,28,50000.0
2008,11,28,50000.0
2008,11,28,50000.0
2008,11,28,50000.0
2008,11,28,50000.0
2008,11,28,50000.0
2008,11,28,50000.0
2008,11,28,50000.0
2008,11,28,50000.0
2008,11,28,50000.0
2008,11,28,50000.0
2008,11,28,50000.0
2008,11,28,50000.0
2008,11,28,50000.0
2008,11,28,50000.0
2008,11,28,50000.0
2008,11,28,50000.0
2008,11,28,50000.0
2008,11,28,50000.0
2008,11,28,50000.0
2008,11,28,50000.0
2008,11,28,50000.0
2008,11,28,50000.0
2008,11,28,50000.0
2008,12,1,50000.0
2008,12,1,50000.0
2008,12,1,50000.0
2008,12,1,50000.0
2008,12,1,50000.0
2008,12,1,50000.0
2008,12,1,50000.0
2008,12,1,50000.0
2008,12,1,50000.0
2008,12,1,50000.0
2008,12,1,50000.0
2008,12,1,50000.0
2008,12,1,50000.0
2008,12,1,50000.0
2008,12,1,50000.0
2008,12,1,50000.0
2008,12,8,50000.0
2008,12,8,50000.0
2008,12,8,50000.0
2008,12,8,50000.0
2008,12,8,50000.0
2008,12,8,50000.0
2008,12,8,50000.0
2008,12,8,50000.0
2008,12,8,50000.0
2008,12,8,50000.0
2008,12,8,50000.0
2008,12,8,50000.0
2008,12,8,50000.0
2008,12,8,50000.0
2008,12,8,50000.0
2008,12,8,50000.0
2008,12,9,50000.0
2008,12,11,50000.0
2008,12,15,50000.0
2008,12,16,50000.0
2008,12,18,50000.0
2008,12,18,50000.0
2008,12,18,50000.0
2008,12,18,50000.0
2008,12,22,50000.0
2008,12,22,50000.0
2008,12,22,50000.0
2008,12,22,50000.0
2008,12,24,50000.0
2008,12,26,50000.0
2008,12,30,50000.0
2009,1,2,50000.0
2009,1,12,50000.0
2009,1,13,50000.0
2009,1,15,50000.0
2009,1,16,50000.0
2009,1,20,50000.0
2009,1,20,50000.0
2009,1,20,50000.0
2009,1,20,50000.0
2009,1,20,50000.0
2009,1,20,50000.0
2009,1,20,50000.0
2009,1,20,50000.0
2009,1,20,50000.0
2009,1,20,50000.0
2009,1,20,50000.0
2009,1,20,50000.0
2009,1,20,50000.0
2009,1,20,50000.0
2009,1,20,50000.0
2009,1,20,50000.0
2009,1,20,50000.0
2009,1,20,50000.0
2009,1,20,50000.0
2009,1,20,50000.0
2009,1,20,50000.0
2009,1,20,50000.0
2009,1,20,50000.0
2009,1,20,50000.0
2009,1,20,50000.0
2009,1,20,50000.0
2009,1,20,50000.0
2009,1,20,50000.0
2009,1,20,50000.0
2009,1,20,50000.0
2009,1,20,50000.0
2009,1,20,50000.0
2009,1,20,50000.0
2009,1,20,50000.0
2009,1,20,50000.0
2009,1,20,50000.0
2009,1,21,50000.0
2009,1,22,50000.0
2009,1,22,50000.0
2009,1,22,50000.0
2009,1,22,50000.0
2009,1,23,50000.0
2009,1,26,50000.0
2009,1,26,50000.0
2009,1,26,50000.0
2009,1,26,50000.0
2009,1,27,50000.0
2009,1,27,50000.0
2009,1,27,50000.0
2009,1,27,50000.0
2009,1,27,50000.0
2009,1,27,50000.0
2009,1,27,50000.0
2009,1,27,50000.0
2009,1,27,50000.0
2009,1,27,50000.0
2009,1,27,50000.0
2009,1,27,50000.0
2009,1,27,50000.0
2009,1,27,50000.0
2009,1,27,50000.0
2009,1,27,50000.0
2009,1,27,50000.0
2009,1,27,50000.0
2009,1,27,50000.0
2009,1,27,50000.0
2009,1,27,50000.0
2009,1,27,50000.0
2009,1,27,50000.0
2009,1,27,50000.0
2009,1,27,50000.0
2009,1,29,50000.0
2009,1,29,50000.0
2009,1,29,50000.0
2009,1,29,50000.0
2009,1,29,50000.0
2009,1,29,50000.0
2009,1,29,50000.0
2009,1,29,50000.0
2009,1,29,50000.0
2009,1,30,50000.0
2009,1,30,50000.0
2009,1,30,50000.0
2009,1,30,50000.0
2009,1,30,50000.0
2009,1,30,50000.0
2009,1,30,50000.0
2009,1,30,50000.0
2009,1,30,50000.0
2009,1,30,50000.0
2009,1,30,50000.0
2009,1,30,50000.0
2009,1,30,50000.0
2009,1,30,50000.0
2009,1,30,50000.0
2009,1,30,50000.0
2009,2,2,50000.0
2009,2,2,50000.0
2009,2,2,50000.0
2009,2,2,50000.0
2009,2,2,50000.0
2009,2,2,50000.0
2009,2,2,50000.0
2009,2,2,50000.0
2009,2,2,50000.0
2009,2,3,50000.0
2009,2,5,50000.0
2009,2,6,50000.0
2009,2,6,50000.0
2009,2,6,50000.0
2009,2,6,50000.0
2009,2,6,50000.0
2009,2,6,50000.0
2009,2,6,50000.0
2009,2,6,50000.0
2009,2,6,50000.0
2009,2,6,50000.0
2009,2,6,50000.0
2009,2,6,50000.0
2009,2,6,50000.0
2009,2,6,50000.0
2009,2,6,50000.0
2009,2,6,50000.0
2009,2,9,50000.0
2009,2,9,50000.0
2009,2,9,50000.0
2009,2,9,50000.0
2009,2,10,50000.0
2009,2,10,50000.0
2009,2,10,50000.0
2009,2,10,50000.0
2009,2,10,50000.0
2009,2,10,50000.0
2009,2,10,50000.0
2009,2,10,50000.0
2009,2,10,50000.0
2009,2,10,50000.0
2009,2,10,50000.0
2009,2,10,50000.0
2009,2,10,50000.0
2009,2,10,50000.0
2009,2,10,50000.0
2009,2,10,50000.0
2009,2,10,50000.0
2009,2,10,50000.0
2009,2,10,50000.0
2009,2,10,50000.0
2009,2,10,50000.0
2009,2,10,50000.0
2009,2,10,50000.0
2009,2,10,50000.0
2009,2,10,50000.0
2009,2,12,50000.0
2009,2,12,50000.0
2009,2,12,50000.0
2009,2,12,50000.0
2009,2,13,50000.0
2009,2,17,50000.0
2009,2,17,50000.0
2009,2,17,50000.0
2009,2,17,50000.0
2009,2,18,50000.0
2009,2,18,50000.0
2009,2,18,50000.0
2009,2,18,50000.0
2009,2,18,50000.0
2009,2,18,50000.0
2009,2,18,50000.0
2009,2,18,50000.0
2009,2,18,50000.0
2009,2,18,50000.0
2009,2,18,50000.0
2009,2,18,50000.0
2009,2,18,50000.0
2009,2,18,50000.0
2009,2,18,50000.0
2009,2,18,50000.0
2009,2,18,50000.0
2009,2,18,50000.0
2009,2,18,50000.0
2009,2,18,50000.0
2009,2,18,50000.0
2009,2,18,50000.0
2009,2,18,50000.0
2009,2,18,50000.0
2009,2,18,50000.0
2009,2,19,50000.0
2009,2,19,50000.0
2009,2,19,50000.0
2009,2,19,50000.0
2009,2,19,50000.0
2009,2,19,50000.0
2009,2,19,50000.0
2009,2,19,50000.0
2009,2,19,50000.0
2009,2,20,50000.0
2009,2,20,50000.0
2009,2,20,50000.0
2009,2,20,50000.0
2009,2,20,50000.0
2009,2,20,50000.0
2009,2,20,50000.0
2009,2,20,50000.0
2009,2,20,50000.0
2009,2,23,54189.0
2009,2,23,54189.0
2009,2,23,54189.0
2009,2,23,54189.0
2009,2,23,54189.0
2009,2,23,54189.0
2009,2,23,54189.0
2009,2,23,54189.0
2009,2,23,54189.0
2009,2,23,54189.0
2009,2,23,54189.0
2009,2,23,54189.0
2009,2,23,54189.0
2009,2,23,54189.0
2009,2,23,54189.0
2009,2,23,54189.0
2009,2,23,54189.0
2009,2,23,54189.0
2009,2,23,54189.0
2009,2,23,54189.0
2009,2,23,54189.0
2009,2,23,54189.0
2009,2,23,54189.0
2009,2,23,54189.0
2009,2,23,54189.0
2009,2,24,54723.0
2009,2,24,54723.0
2009,2,24,54723.0
2009,2,24,54723.0
2009,2,25,54631.0
2009,2,25,54631.0
2009,2,25,54631.0
2009,2,25,54631.0
2009,2,25,54631.0
2009,2,25,54631.0
2009,2,25,54631.0
2009,2,25,54631.0
2009,2,25,54631.0
2009,2,25,54631.0
2009,2,25,54631.0
2009,2,25,54631.0
2009,2,25,54631.0
2009,2,25,54631.0
2009,2,25,54631.0
2009,2,25,54631.0
2009,2,26,54585.0
2009,2,26,54585.0
2009,2,26,54585.0
2009,2,26,54585.0
2009,2,26,54585.0
2009,2,26,54585.0
2009,2,26,54585.0
2009,2,26,54585.0
2009,2,26,54585.0
2009,2,26,54585.0
2009,2,26,54585.0
2009,2,26,54585.0
2009,2,26,54585.0
2009,2,26,54585.0
2009,2,26,54585.0
2009,2,26,54585.0
2009,2,26,54585.0
2009,2,26,54585.0
2009,2,26,54585.0
2009,2,26,54585.0
2009,2,26,54585.0
2009,2,26,54585.0
2009,2,26,54585.0
2009,2,26,54585.0
2009,2,26,54585.0
2009,2,26,54585.0
2009,2,26,54585.0
2009,2,26,54585.0
2009,2,26,54585.0
2009,2,26,54585.0
2009,2,26,54585.0
2009,2,26,54585.0
2009,2,26,54585.0
2009,2,26,54585.0
2009,2,26,54585.0
2009,2,26,54585.0
2009,2,27,54293.0
2009,2,27,54293.0
2009,2,27,54293.0
2009,2,27,54293.0
2009,2,27,54293.0
2009,2,27,54293.0
2009,2,27,54293.0
2009,2,27,54293.0
2009,2,27,54293.0
2009,3,2,53503.0
2009,3,2,53503.0
2009,3,2,53503.0
2009,3,2,53503.0
2009,3,2,53503.0
2009,3,2,53503.0
2009,3,2,53503.0
2009,3,2,53503.0
2009,3,2,53503.0
2009,3,2,53503.0
2009,3,2,53503.0
2009,3,2,53503.0
2009,3,2,53503.0
2009,3,2,53503.0
2009,3,2,53503.0
2009,3,2,53503.0
2009,3,2,53503.0
2009,3,2,53503.0
2009,3,2,53503.0
2009,3,2,53503.0
2009,3,2,53503.0
2009,3,2,53503.0
2009,3,2,53503.0
2009,3,2,53503.0
2009,3,2,53503.0
2009,3,2,53503.0
2009,3,2,53503.0
2009,3,2,53503.0
2009,3,2,53503.0
2009,3,2,53503.0
2009,3,2,53503.0
2009,3,2,53503.0
2009,3,2,53503.0
2009,3,2,53503.0
2009,3,2,53503.0
2009,3,2,53503.0
2009,3,2,53503.0
2009,3,2,53503.0
2009,3,2,53503.0
2009,3,2,53503.0
2009,3,2,53503.0
2009,3,2,53503.0
2009,3,2,53503.0
2009,3,2,53503.0
2009,3,2,53503.0
2009,3,2,53503.0
2009,3,2,53503.0
2009,3,2,53503.0
2009,3,2,53503.0
2009,3,3,53324.0
2009,3,4,53593.0
2009,3,4,53593.0
2009,3,4,53593.0
2009,3,4,53593.0
2009,3,4,53593.0
2009,3,4,53593.0
2009,3,4,53593.0
2009,3,4,53593.0
2009,3,4,53593.0
2009,3,5,53140.0
2009,3,5,53140.0
2009,3,5,53140.0
2009,3,5,53140.0
2009,3,5,53140.0
2009,3,5,53140.0
2009,3,5,53140.0
2009,3,5,53140.0
2009,3,5,53140.0
2009,3,5,53140.0
2009,3,5,53140.0
2009,3,5,53140.0
2009,3,5,53140.0
2009,3,5,53140.0
2009,3,5,53140.0
2009,3,5,53140.0
2009,3,5,53140.0
2009,3,5,53140.0
2009,3,5,53140.0
2009,3,5,53140.0
2009,3,5,53140.0
2009,3,5,53140.0
2009,3,5,53140.0
2009,3,5,53140.0
2009,3,5,53140.0
2009,3,5,53140.0
2009,3,5,53140.0
2009,3,5,53140.0
2009,3,5,53140.0
2009,3,5,53140.0
2009,3,5,53140.0
2009,3,5,53140.0
2009,3,5,53140.0
2009,3,5,53140.0
2009,3,5,53140.0
2009,3,5,53140.0
2009,3,5,53140.0
2009,3,5,53140.0
2009,3,5,53140.0
2009,3,5,53140.0
2009,3,5,53140.0
2009,3,5,53140.0
2009,3,5,53140.0
2009,3,5,53140.0
2009,3,5,53140.0
2009,3,5,53140.0
2009,3,5,53140.0
2009,3,5,53140.0
2009,3,5,53140.0
2009,3,5,53140.0
2009,3,5,53140.0
2009,3,5,53140.0
2009,3,5,53140.0
2009,3,5,53140.0
2009,3,5,53140.0
2009,3,5,53140.0
2009,3,5,53140.0
2009,3,5,53140.0
2009,3,5,53140.0
2009,3,5,53140.0
2009,3,5,53140.0
2009,3,5,53140.0
2009,3,5,53140.0
2009,3,5,53140.0
2009,3,6,53034.0
2009,3,6,53034.0
2009,3,6,53034.0
2009,3,6,53034.0
2009,3,9,53066.0
2009,3,9,53066.0
2009,3,9,53066.0
2009,3,9,53066.0
2009,3,9,53066.0
2009,3,9,53066.0
2009,3,9,53066.0
2009,3,9,53066.0
2009,3,9,53066.0
2009,3,9,53066.0
2009,3,9,53066.0
2009,3,9,53066.0
2009,3,9,53066.0
2009,3,9,53066.0
2009,3,9,53066.0
2009,3,9,53066.0
2009,3,10,53541.0
2009,3,11,53651.0
2009,3,11,53651.0
2009,3,11,53651.0
2009,3,11,53651.0
2009,3,12,54066.0
2009,3,12,54066.0
2009,3,12,54066.0
2009,3,12,54066.0
2009,3,12,54066.0
2009,3,12,54066.0
2009,3,12,54066.0
2009,3,12,54066.0
2009,3,12,54066.0
2009,3,12,54066.0
2009,3,12,54066.0
2009,3,12,54066.0
2009,3,12,54066.0
2009,3,12,54066.0
2009,3,12,54066.0
2009,3,12,54066.0
2009,3,12,54066.0
2009,3,12,54066.0
2009,3,12,54066.0
2009,3,12,54066.0
2009,3,12,54066.0
2009,3,12,54066.0
2009,3,12,54066.0
2009,3,12,54066.0
2009,3,12,54066.0
2009,3,13,53966.0
2009,3,16,53893.0
2009,3,17,53933.0
2009,3,18,54007.0
2009,3,18,54007.0
2009,3,18,54007.0
2009,3,18,54007.0
2009,3,19,54045.0
2009,3,20,53996.0
2009,3,20,53996.0
2009,3,20,53996.0
2009,3,20,53996.0
2009,3,20,53996.0
2009,3,20,53996.0
2009,3,20,53996.0
2009,3,20,53996.0
2009,3,20,53996.0
2009,3,20,53996.0
2009,3,20,53996.0
2009,3,20,53996.0
2009,3,20,53996.0
2009,3,20,53996.0
2009,3,20,53996.0
2009,3,20,53996.0
2009,3,23,54445.0
2009,3,24,54277.0
2009,3,24,54277.0
2009,3,24,54277.0
2009,3,24,54277.0
2009,3,24,54277.0
2009,3,24,54277.0
2009,3,24,54277.0
2009,3,24,54277.0
2009,3,24,54277.0
2009,3,25,54378.0
2009,3,26,54574.0
2009,3,27,54437.0
2009,3,27,54437.0
2009,3,27,54437.0
2009,3,27,54437.0
2009,3,27,54437.0
2009,3,27,54437.0
2009,3,27,54437.0
2009,3,27,54437.0
2009,3,27,54437.0
2009,3,30,54389.0
2009,3,30,54389.0
2009,3,30,54389.0
2009,3,30,54389.0
2009,3,30,54389.0
2009,3,30,54389.0
2009,3,30,54389.0
2009,3,30,54389.0
2009,3,30,54389.0
2009,3,30,54389.0
2009,3,30,54389.0
2009,3,30,54389.0
2009,3,30,54389.0
2009,3,30,54389.0
2009,3,30,54389.0
2009,3,30,54389.0
2009,3,30,54389.0
2009,3,30,54389.0
2009,3,30,54389.0
2009,3,30,54389.0
2009,3,30,54389.0
2009,3,30,54389.0
2009,3,30,54389.0
2009,3,30,54389.0
2009,3,30,54389.0
2009,3,31,54561.0
2009,3,31,54561.0
2009,3,31,54561.0
2009,3,31,54561.0
2009,4,1,54685.0
2009,4,2,54859.0
2009,4,3,55016.0
2009,4,6,54999.0
2009,4,6,54999.0
2009,4,6,54999.0
2009,4,6,54999.0
2009,4,6,54999.0
2009,4,6,54999.0
2009,4,6,54999.0
2009,4,6,54999.0
2009,4,6,54999.0
2009,4,6,54999.0
2009,4,6,54999.0
2009,4,6,54999.0
2009,4,6,54999.0
2009,4,6,54999.0
2009,4,6,54999.0
2009,4,6,54999.0
2009,4,6,54999.0
2009,4,6,54999.0
2009,4,6,54999.0
2009,4,6,54999.0
2009,4,6,54999.0
2009,4,6,54999.0
2009,4,6,54999.0
2009,4,6,54999.0
2009,4,6,54999.0
2009,4,6,54999.0
2009,4,6,54999.0
2009,4,6,54999.0
2009,4,6,54999.0
2009,4,6,54999.0
2009,4,6,54999.0
2009,4,6,54999.0
2009,4,6,54999.0
2009,4,6,54999.0
2009,4,6,54999.0
2009,4,6,54999.0
2009,4,7,54956.0
2009,4,7,54956.0
2009,4,7,54956.0
2009,4,7,54956.0
2009,4,8,55124.0
2009,4,9,55396.0
2009,4,13,55459.0
2009,4,14,55374.0
2009,4,14,55374.0
2009,4,14,55374.0
2009,4,14,55374.0
2009,4,15,55456.0
2009,4,15,55456.0
2009,4,15,55456.0
2009,4,15,55456.0
2009,4,15,55456.0
2009,4,15,55456.0
2009,4,15,55456.0
2009,4,15,55456.0
2009,4,15,55456.0
2009,4,16,55492.0
2009,4,17,55353.0
2009,4,20,55209.0
2009,4,20,55209.0
2009,4,20,55209.0
2009,4,20,55209.0
2009,4,20,55209.0
2009,4,20,55209.0
2009,4,20,55209.0
2009,4,20,55209.0
2009,4,20,55209.0
2009,4,20,55209.0
2009,4,20,55209.0
2009,4,20,55209.0
2009,4,20,55209.0
2009,4,20,55209.0
2009,4,20,55209.0
2009,4,20,55209.0
2009,4,21,55568.0
2009,4,22,55496.0
2009,4,22,55496.0
2009,4,22,55496.0
2009,4,22,55496.0
2009,4,22,55496.0
2009,4,22,55496.0
2009,4,22,55496.0
2009,4,22,55496.0
2009,4,22,55496.0
2009,4,23,55612.0
2009,4,24,55739.0
2009,4,27,55405.0
2009,4,27,55405.0
2009,4,27,55405.0
2009,4,27,55405.0
2009,4,27,55405.0
2009,4,27,55405.0
2009,4,27,55405.0
2009,4,27,55405.0
2009,4,27,55405.0
2009,4,27,55405.0
2009,4,27,55405.0
2009,4,27,55405.0
2009,4,27,55405.0
2009,4,27,55405.0
2009,4,27,55405.0
2009,4,27,55405.0
2009,4,28,55371.0
2009,4,29,55458.0
2009,4,29,55458.0
2009,4,29,55458.0
2009,4,29,55458.0
2009,4,30,55524.0
2009,5,1,55538.0
2009,5,4,55649.0
2009,5,5,55620.0
2009,5,5,55620.0
2009,5,5,55620.0
2009,5,5,55620.0
2009,5,6,55745.0
2009,5,7,55627.0
2009,5,7,55627.0
2009,5,7,55627.0
2009,5,7,55627.0
2009,5,8,55750.0
2009,5,11,55626.0
2009,5,11,55626.0
2009,5,11,55626.0
2009,5,11,55626.0
2009,5,12,55560.0
2009,5,12,55560.0
2009,5,12,55560.0
2009,5,12,55560.0
2009,5,13,55357.0
2009,5,13,55357.0
2009,5,13,55357.0
2009,5,13,55357.0
2009,5,13,55357.0
2009,5,13,55357.0
2009,5,13,55357.0
2009,5,13,55357.0
2009,5,13,55357.0
2009,5,14,55534.0
2009,5,14,55534.0
2009,5,14,55534.0
2009,5,14,55534.0
2009,5,15,55527.0
2009,5,18,55690.0
2009,5,18,55690.0
2009,5,18,55690.0
2009,5,18,55690.0
2009,5,19,55725.0
2009,5,19,55725.0
2009,5,19,55725.0
2009,5,19,55725.0
2009,5,20,55716.0
2009,5,20,55716.0
2009,5,20,55716.0
2009,5,20,55716.0
2009,5,20,55716.0
2009,5,20,55716.0
2009,5,20,55716.0
2009,5,20,55716.0
2009,5,20,55716.0
2009,5,22,55680.0
2009,5,27,55660.0
2009,6,1,55718.0
2009,6,3,55718.0
2009,6,10,55939.0
2009,6,11,55939.0
2009,6,15,55934.0
2009,6,15,55934.0
2009,6,15,55934.0
2009,6,15,55934.0
2009,6,15,55934.0
2009,6,15,55934.0
2009,6,15,55934.0
2009,6,15,55934.0
2009,6,15,55934.0
2009,6,16,55865.0
2009,6,17,55819.0
2009,6,18,55876.0
2009,6,22,55748.0
2009,6,22,55748.0
2009,6,22,55748.0
2009,6,22,55748.0
2009,6,22,55748.0
2009,6,22,55748.0
2009,6,22,55748.0
2009,6,22,55748.0
2009,6,22,55748.0
2009,6,22,55748.0
2009,6,22,55748.0
2009,6,22,55748.0
2009,6,22,55748.0
2009,6,22,55748.0
2009,6,22,55748.0
2009,6,22,55748.0
2009,6,23,55730.0
2009,6,24,55756.0
2009,6,29,55772.0
2009,7,1,55772.0
2009,7,7,55734.0
2009,7,8,55715.0
2009,7,9,55790.0
2009,7,14,55808.0
2009,7,15,55869.0
2009,7,28,55869.0
2009,8,4,55903.0
2009,8,5,55903.0
2009,8,10,55899.0
2009,8,12,55899.0
2009,8,12,55899.0
2009,8,12,55899.0
2009,8,12,55899.0
2009,8,14,55951.0
2009,8,17,55870.0
2009,8,17,55870.0
2009,8,17,55870.0
2009,8,17,55870.0
2009,8,19,55873.0
2009,8,21,56001.0
2009,8,24,55998.0
2009,9,2,55998.0
2009,9,3,56010.0
2009,9,10,56111.0
2009,9,11,56105.0
2009,9,11,56105.0
2009,9,11,56105.0
2009,9,11,56105.0
2009,9,18,56173.0
2009,9,24,56173.0
2009,10,1,56146.0
2009,10,1,56146.0
2009,10,1,56146.0
2009,10,1,56146.0
2009,10,8,56143.0
2009,10,8,56143.0
2009,10,8,56143.0
2009,10,8,56143.0
2009,10,13,56145.0
2009,10,15,56171.0
2009,10,16,56145.0
2009,10,16,56145.0
2009,10,16,56145.0
2009,10,16,56145.0
2009,10,16,56145.0
2009,10,16,56145.0
2009,10,16,56145.0
2009,10,16,56145.0
2009,10,16,56145.0
2009,10,20,56195.0
2009,10,23,56085.0
2009,10,23,56085.0
2009,10,23,56085.0
2009,10,23,56085.0
2009,10,23,56085.0
2009,10,23,56085.0
2009,10,23,56085.0
2009,10,23,56085.0
2009,10,23,56085.0
2009,10,23,56085.0
2009,10,23,56085.0
2009,10,23,56085.0
2009,10,23,56085.0
2009,10,23,56085.0
2009,10,23,56085.0
2009,10,23,56085.0
2009,10,27,56052.0
2009,10,28,55985.0
2009,10,28,55985.0
2009,10,28,55985.0
2009,10,28,55985.0
2009,10,30,55959.0
2009,11,2,55955.0
2009,11,3,55998.0
2009,11,4,56022.0
2009,11,4,56022.0
2009,11,4,56022.0
2009,11,4,56022.0
2009,11,6,56057.0
2009,11,9,56092.0
2009,11,10,56073.0
2009,11,13,56103.0
2009,11,17,56120.0
2009,12,3,56120.0
2009,12,7,56123.0
2009,12,10,56121.0
2009,12,14,56143.0
2009,12,15,56143.0
2009,12,22,56132.0
2009,12,29,56132.0
2009,12,30,56136.0
